189
2376 19
91467 54962 52992 75624 15707 98333 93898 49492 12138 88182 37443 5633 1632 20487 10170 77479 42899 23742 24430 
6937 20
97743 26012 96138 62652 20272 15426 90470 85692 6552 63659 33859 36164 2814 62072 89923 44769 64550 47247 60107 80846 
9286 19
12145 87900 86477 44411 66849 33249 99937 61292 11219 78822 4490 27276 50225 4073 43336 26962 26395 91755 5441 
5483 20
6052 58692 90682 48618 56583 27152 71115 72869 85428 54838 3007 19870 43895 61410 70522 79057 53064 31651 64670 471 
3340 18
8177 89643 45755 76201 31484 33191 46621 7453 34884 37866 23964 64382 66710 82696 54815 77225 1489 96673 
5222 19
24693 10641 76267 54397 41400 26173 4876 68892 80462 97060 59049 48701 59752 98254 9465 83599 87267 17264 93170 
7571 18
32320 20278 92146 77627 50211 94825 98311 84042 38860 14748 86307 46106 14527 25497 47873 78861 81760 35514 
5183 16
30363 96415 12674 40603 16578 4666 45499 15272 1046 98307 67503 15475 87588 34946 77213 58191 
8633 18
46131 9625 38962 46064 31777 39974 98111 6963 8506 44818 24477 67844 66129 24125 45900 53911 65450 71976 
4963 18
28802 31380 67334 61153 21883 34875 32355 39937 42460 21360 99191 28048 99629 62023 36289 44372 47826 13355 
1470 16
65082 80351 88669 40701 25241 50506 58597 23366 42391 76277 91232 11762 95132 12250 14903 55394 
4297 19
55765 75660 7838 41818 85081 50128 596 19612 77693 10514 5924 71757 28652 40342 35826 81533 8519 25838 40293 
6559 15
42056 99683 77860 16951 69005 79197 20328 54466 59253 32993 60536 43420 85010 79134 63406 
6732 20
6926 42076 5703 15518 11427 41210 93576 1786 13724 18926 68300 8321 28875 29216 63448 64978 51248 73562 54041 20435 
6829 19
60934 11544 25090 68828 27337 83846 9010 52615 69860 6498 60881 50086 74908 2609 29348 45522 34523 11981 54721 
3568 16
57089 20511 38169 38570 3120 5430 9324 66803 88971 31134 34112 1417 40438 15600 99956 37582 
4032 16
7520 62227 35908 40324 20194 92981 96724 66853 51048 42375 59059 32155 75291 14852 52001 68112 
4431 20
7277 91132 55444 41337 55114 79125 45797 38796 17664 60032 5799 28784 27275 74076 86464 14772 41381 63847 57498 18859 
6309 20
14653 80460 93976 26640 86093 17753 45999 82507 38955 38032 79448 63596 75658 95180 48809 96428 95246 87322 21737 11607 
2074 17
9542 69436 34582 11830 65019 9539 26233 44979 98036 97607 99422 96591 72944 22159 59350 51412 93740 
3301 20
38908 19561 31788 16442 40547 8738 87044 25109 71697 2972 4947 4023 17449 35755 92476 70229 19556 89106 96993 1990 
8283 17
93762 13885 75951 69572 91275 21288 77395 96375 29584 34666 84177 81890 94482 75797 778 93624 52552 
3883 15
42944 73176 60726 52270 73083 99574 44369 33589 97903 45299 81808 22713 48709 24416 51928 
6355 16
97645 20133 41965 94618 70258 62766 50907 44783 33872 10185 31177 17030 56480 91485 84084 65387 
1656 18
24609 93771 35245 72509 61273 44711 97291 65224 88168 43936 23470 37811 60616 25507 19251 87475 1053 86226 
9298 18
62084 69516 54793 30363 70235 72773 39454 73334 15972 31280 34485 55680 47822 36779 58005 26414 69121 33256 
7046 16
9189 90356 3432 80987 59209 68407 78128 78957 19097 86474 57174 47103 12637 25156 20076 97324 
3324 13
23321 56075 27589 65658 63487 16067 77126 98469 29258 80630 6316 63905 49851 
443 17
33594 37258 76426 95909 37035 5945 64990 21264 33760 85483 42772 41537 87797 10909 86652 3727 95877 
5250 16
87580 53617 95426 87670 77412 49622 16310 62578 53051 36612 31086 29546 3481 7011 71929 86246 
8673 17
36169 19193 42713 49726 26241 41820 30594 49139 39802 65759 5764 55372 2635 66372 90983 85016 55022 
6934 13
48481 74367 16373 24894 86885 32950 71508 61838 8692 98240 53983 31381 37761 
8176 13
16355 16290 18106 40020 57667 14198 91599 9621 44656 86706 14628 899 42862 
1549 11
39536 92602 78457 52007 61854 52239 36648 25013 47431 5245 98461 
3216 11
9436 74588 79179 21563 74598 72361 81216 66583 20333 14944 70762 
311 16
81915 51679 9234 37806 14278 62846 61621 90667 12715 77658 99037 25499 294 98158 16057 23380 
4730 18
22078 58981 76599 40011 68770 70749 9219 49594 60736 70758 31199 60544 66066 10529 33724 67578 76991 87813 
8252 20
1999 95482 3773 75849 24053 82089 37139 36026 15644 36571 48007 66036 43887 23250 70777 62528 41332 7933 29847 22870 
5287 20
8987 27536 10141 45300 28737 3206 3028 84768 25182 74627 80276 74984 85930 7137 61540 78017 6389 25386 70320 69034 
1555 18
22605 6096 35507 10250 21476 13741 59340 11313 43350 54372 83990 16113 93744 23692 4985 57008 84057 6024 
1207 16
54540 74174 49805 57280 76575 38583 97222 80714 70794 48526 79181 80465 46375 13873 39224 29096 
1403 12
58077 68456 94238 55951 74162 60650 42019 40767 8000 59518 10231 80403 
6299 12
19280 26214 26663 88770 27430 756 70426 34082 37835 92565 5192 11206 
1459 11
27701 45499 31858 70489 22510 37665 78474 935 1646 51146 43644 
7584 17
51486 86386 17949 64265 72986 8135 62506 71995 75741 39153 18981 92705 99672 23420 1783 40246 21488 
1131 16
90313 27654 59249 77825 63375 51954 29938 46634 77562 76179 57994 48814 10202 1711 84936 84751 
3613 20
4368 31038 43355 26915 37763 25581 19254 91166 55759 21856 30742 44158 68941 77609 64790 4461 14696 27244 28634 63209 
8079 16
41092 8205 88329 40346 21614 14251 81894 7197 78690 82065 18718 42415 78175 35705 12234 61137 
5133 17
6293 10317 11041 92591 26207 38288 48956 93696 96547 58590 64838 28588 39849 20136 14061 99482 17263 
2898 13
27128 3733 4151 96321 73496 8979 40590 18833 39434 26924 15175 31889 69486 
3156 17
48445 44433 43827 94725 70022 60921 18056 20300 93278 69169 68184 50115 82727 5883 41314 17659 41816 
6866 15
65174 4819 30622 79346 5166 91496 9448 98480 31645 25496 55404 91843 64764 91368 8553 
5992 19
43879 63560 79453 10937 48718 9899 13735 56265 60611 97239 25656 76410 96542 72864 33392 70214 84303 35818 93708 
9413 17
87152 21171 77867 37757 43304 49055 56866 77804 41002 98988 78612 41591 127 49797 8928 9212 70530 
8750 18
74777 44610 9468 22364 62683 38092 7264 31847 88161 49185 58401 34853 32270 83312 56668 51553 87766 92134 
3788 19
94641 18810 20704 67305 99265 89413 54710 45294 79613 89924 5704 98751 91594 35027 4613 20309 54384 26619 94356 
7101 19
39203 6310 69665 64226 32767 24687 57753 27529 11319 38707 51475 80942 25994 1131 91892 92569 40947 91494 2410 
9139 17
72003 9723 64792 33621 58246 10873 92274 6884 23623 87919 42268 93889 14898 95334 15943 71303 84966 
3418 15
92780 39322 78891 98243 67750 65342 96870 37794 12207 19757 48325 21134 4314 8222 28143 
4724 10
27207 84899 70830 89948 45997 93002 61668 88888 30970 10120 
8505 19
99498 64527 91543 35399 75626 62215 63958 10869 51950 86182 68405 53693 4848 82264 70781 44883 40259 80284 68816 
4747 15
85373 18335 38173 37252 83455 88551 73658 99026 23270 67265 39334 77851 90051 66118 62706 
4151 19
1414 13876 4371 50777 2007 80372 4293 16075 83535 4716 81026 64586 21082 23247 90768 87260 94044 55596 61369 
9800 20
62670 97820 39110 72219 62235 50977 4382 65584 83343 72334 29458 87909 29173 27170 37308 23887 84088 16573 42314 21735 
7673 16
3346 50561 85973 64448 79896 68285 94684 41965 52006 33619 94213 86700 63693 6644 99132 82362 
1970 11
22341 80411 49785 92429 60718 30317 17137 60864 35806 13325 71777 
171 18
93834 19756 25686 98551 6770 8249 77844 76712 52473 46997 1041 14190 96439 83172 28062 43211 33601 96480 
369 20
6355 77410 78547 26625 79272 9739 15393 5709 3212 13634 92968 42756 32053 51246 74289 30841 35058 9741 68137 72504 
2386 13
68008 79983 17124 75001 71459 75808 59997 74830 3100 35659 29437 82456 99353 
1568 14
97741 42221 34664 59420 53185 88410 28304 91789 11564 89399 43656 97471 4870 88676 
6031 20
13299 83325 99007 69625 93202 77082 28802 76663 25933 68286 23922 12241 70466 55313 89846 89317 94439 28934 32328 64514 
201 14
55418 71461 22782 41939 9003 97865 43702 71506 10122 16015 45238 36432 37292 59402 
8651 17
97194 49212 89367 49211 51171 11361 43346 31493 40752 39478 39508 50717 67789 39193 18893 29347 25462 
1955 16
43861 47635 13105 23107 12622 83672 59067 33254 85930 29199 76191 82553 83997 63577 18445 34815 
1785 20
26014 20710 13637 23466 28923 89629 71438 23543 75745 70753 8805 67301 35779 83641 72860 4612 3713 2644 65211 25081 
3556 13
65954 23675 21007 8144 92042 48648 94722 73588 47632 52999 50333 63910 3563 
6459 19
41535 39579 31750 81297 75329 85041 53526 73898 89102 57409 50834 62132 19844 18836 81837 13996 75475 98174 61506 
9218 11
50339 71906 41448 35538 8590 68963 70639 23172 27311 24201 89612 
5434 14
59957 24010 24601 11851 27595 303 88996 89994 90886 79426 47199 76683 11018 42230 
5300 17
29553 95188 34016 1720 48327 7991 79246 31632 1074 66613 35042 74157 68359 38344 64788 68007 66943 
3444 14
98937 82303 80839 58910 28590 37457 39250 48528 17112 41648 36044 68979 69317 44469 
619 18
62088 75448 60621 40418 32558 56635 19497 63639 29412 94035 90525 93396 65213 5153 73884 21046 69605 28694 
9575 17
64191 56036 7161 8687 6882 88866 54694 12528 59233 38374 156 89054 89330 96219 46723 60167 67740 
6779 18
23458 64219 47364 41851 55496 97360 26920 64426 24773 42236 32041 28854 80698 96152 47812 2282 81514 17379 
4 12
14116 50423 3437 7521 16808 89089 84490 39112 7431 24927 88055 75782 
3921 17
76490 89729 54401 15053 45079 43480 63852 1420 85820 14659 74507 61771 86890 89556 46074 60181 43430 
2985 19
85650 60130 34879 94195 51017 61028 84959 95068 25908 43834 60726 18528 73927 96818 31850 33431 84273 81301 23427 
7005 17
68978 99895 57825 43702 22817 38045 95367 47204 86192 93059 62622 42667 87675 17223 99761 31766 77842 
5456 18
2724 6079 65290 52154 87086 2203 36677 37659 8211 59519 22032 71499 26549 83731 23064 82694 25761 57034 
7052 13
84321 62402 64839 40929 79572 27824 33603 69557 69910 87600 79005 83861 58635 
6132 20
31537 7367 91995 3129 72999 82418 49399 53964 78304 31414 22965 70814 70159 99616 86473 51697 35404 24486 26482 98166 
2458 18
23528 16162 27462 24514 53647 42765 88267 29017 28094 24281 47298 21568 48316 78002 44793 93986 13855 64735 
5999 14
41739 42056 50054 89070 69509 11566 33623 59137 96427 70701 75664 21000 75402 10128 
8856 18
24370 10002 93358 22168 11056 48490 52675 84352 38140 22229 92966 11143 89133 30784 73870 40028 51397 9159 
8404 10
36801 44882 13529 96954 91728 58196 82120 38866 37115 13368 
9 19
73654 23584 18888 51373 35949 72742 38744 64402 83380 31528 32264 75171 15538 83907 91115 21205 90178 95375 67053 
9146 10
67219 22583 72429 3122 98259 39507 16783 85927 41164 89996 
8980 19
59705 51046 40741 82184 89455 47794 93758 66435 38563 19127 89104 71553 94757 87720 10443 33813 31898 62517 3363 
9738 12
65988 57908 67808 49316 91283 61321 99559 77572 40248 61396 5879 90910 
8174 17
609 61041 25361 70808 86736 1372 70524 77403 96761 17294 89563 52739 13926 31207 16501 21511 28054 
853 18
13958 83199 22336 56000 91403 35198 78235 12851 11000 32160 28523 89060 6295 59277 29122 26715 32916 57405 
7384 16
87360 32486 72666 12128 56319 24652 13395 88240 22345 62313 81332 95648 56831 82847 68034 31705 
5437 19
78972 70941 19419 46209 62156 99313 49865 63416 37541 94845 29133 90727 40517 75118 10326 39244 58359 36537 84137 
666 18
26993 9951 14885 99567 57487 2834 36233 67875 21912 74264 6572 13783 92957 58181 14705 71517 30881 25193 
7882 19
59705 20779 28478 16120 52830 9650 54913 70924 41924 75740 13054 14164 96887 74373 19528 35166 26343 31968 89172 
2096 15
85637 49534 64529 90985 16507 29115 46189 41407 68181 31719 46889 34037 50863 68033 92079 
1843 17
54642 45113 52837 60475 37441 76691 15645 36624 62212 43019 79895 28056 55459 20750 6511 87532 92956 
5850 20
83442 77873 47391 31379 84580 29926 93765 95232 27306 17739 74062 89722 92879 37964 59326 59268 10978 90104 61219 59172 
1262 19
81930 52936 91993 97293 59548 63823 28974 89874 91379 60418 76659 12010 37217 4865 99440 21917 93039 89597 15082 
9536 17
78845 96880 23190 38237 43091 40451 9114 80553 7034 2979 96470 37821 95844 47966 98834 7833 86746 
4166 13
32465 855 52657 30460 7037 528 76300 30910 69496 80654 54322 2875 87852 
6038 15
87232 42732 74830 82626 59852 12651 13308 5541 22669 47571 27151 55969 8411 13630 29502 
965 19
25266 66258 59425 2703 64067 77830 60949 94083 38092 11146 92841 35736 96799 83181 8982 46573 34815 48933 54433 
4293 16
55306 7037 56494 8995 96517 16419 90629 26784 50667 44940 23588 21361 62345 19721 14851 39038 
1698 15
86634 63002 3676 71999 22986 63603 42392 42802 44856 21794 86330 45256 76181 94993 79537 
6464 18
7421 42483 19163 71231 70117 66338 84763 58880 78557 88610 37271 8972 42093 49221 73781 51166 73743 7568 
6717 20
18904 62589 2492 52310 33661 95454 83653 26392 14982 25539 18367 68371 87993 32544 74352 36096 81339 28162 41992 40088 
3139 14
31857 71431 89178 82019 72299 38151 10883 42701 89733 30075 39342 37825 53065 31626 
1491 10
72736 40610 40304 36866 46948 26376 32804 89224 64376 52258 
832 19
85275 54441 26078 1489 3870 44419 29059 53142 29746 4567 86392 17213 98497 89198 12923 42719 75680 76482 4118 
7259 16
70983 5724 76989 28997 32807 28395 14943 14752 25195 40686 44513 28376 76191 65832 72463 40291 
9024 16
77364 41138 53122 38005 35144 87804 81011 37413 75792 23986 61420 88751 80736 1252 8309 26190 
7995 17
76518 96627 30852 55364 28990 77993 78404 47295 64041 38128 72285 25285 5768 74621 95027 7514 19974 
5959 20
80143 35526 7456 72923 55488 96085 43306 99849 73741 77394 38771 46385 63552 82786 35242 77538 32423 46878 87472 30054 
3815 18
77166 46374 4154 51966 92909 34414 32339 77528 42691 60964 63161 17945 46480 18904 23933 14465 61699 7154 
5263 17
78398 15260 64389 805 73291 90365 34601 32725 35600 38744 27573 36344 37405 83457 21385 41725 63602 
8619 20
75489 75063 15338 79332 13613 31004 36119 2992 22350 13798 98662 63017 84382 74371 15139 32981 30076 38054 41380 38880 
7772 12
15105 13011 17269 28204 77984 57253 50607 39201 36483 6211 74627 84743 
9211 19
99321 78020 78749 98128 49402 84030 59839 22757 85682 51143 4542 41582 95659 5768 85039 53659 51184 1390 2447 
8695 18
59758 65975 15204 27877 88096 41061 56484 68652 81554 94710 16115 86649 79720 66047 49874 45625 81040 90469 
125 19
35507 45043 98081 24320 33912 5506 42699 11431 36357 27867 13083 17310 25834 52647 61022 11494 38475 24555 656 
483 19
55175 23936 22428 28793 76401 82157 85773 32841 31641 13374 6826 31983 35897 60976 72158 64702 33160 96505 95567 
5621 19
34928 27127 4633 7845 32620 59919 94534 12746 56717 19098 52140 80098 3209 14822 78307 60026 28194 45934 91081 
6970 15
37088 79380 99953 89421 6427 52680 56262 46258 39051 46138 61585 22466 14732 99291 57776 
7492 18
37917 75856 94452 80355 56726 6564 74579 36600 47924 3106 46627 55292 80328 8586 95147 59222 3343 5958 
601 11
35850 5774 55818 94757 41848 71690 89734 77085 26911 63440 67317 
3970 14
58686 81727 84154 37441 2949 32750 80384 55513 1978 3427 55053 74394 90280 88203 
5147 16
53547 35705 76297 44093 62803 98183 7494 25915 72695 11510 22453 88450 72544 5397 3587 4505 
4530 20
59736 649 14970 20367 7712 77447 35237 35550 75613 81708 87583 45342 467 58385 36535 16339 49620 63425 29429 59613 
76 17
99304 21821 91509 54818 1634 36898 95928 71229 7302 66622 19617 42055 77142 81635 98446 67143 46769 
7990 11
9040 87856 10398 31814 13950 57971 80523 73836 35875 85600 77378 
9207 15
71464 9954 31623 99601 55619 1997 26043 92322 5809 52375 98717 16170 81410 66648 20404 
9956 13
73679 83481 46911 32066 882 51185 86895 84525 39065 34601 26478 38387 97509 
9450 13
7204 56124 24297 94101 87559 26656 4898 15265 34613 26143 37346 54552 65268 
8860 15
8608 41353 17304 46033 33211 88729 7541 65666 78009 20279 20185 14415 86828 22107 84585 
8870 11
81469 12501 9805 50887 50069 93405 92039 35629 18761 44939 97506 
4313 12
21468 11128 30755 4332 99308 45976 53735 48231 59 85470 27686 78749 
9132 18
3276 59590 57931 54837 75591 38312 86032 16434 86824 88197 99301 51747 1267 35203 52541 91789 22186 56998 
1364 20
67215 35016 50191 16602 46785 9703 53457 18075 83629 43337 5480 7442 6637 13278 78179 36175 22118 95115 31631 61473 
9632 13
93968 80952 50180 87415 31243 11726 30694 47147 80027 8537 56254 30482 91243 
1769 20
39873 7619 29957 88216 77756 85843 33024 95524 89148 39695 78261 47207 59229 36196 52421 12071 21137 87017 41913 18408 
7026 18
33688 34018 75105 28224 6916 45019 47326 36760 2780 7860 20501 23830 21756 59233 33196 40458 89158 71221 
5740 17
2704 76978 58634 28223 25400 96584 5259 20081 55359 13430 60241 87176 66368 97658 89731 33271 72032 
5310 20
38852 96402 6534 39682 18854 49946 76641 46404 83429 94736 606 83030 63451 31827 64901 53672 31916 15813 22487 45286 
436 18
20540 86715 58907 41981 96497 6930 15140 65951 6619 57743 11589 73634 94503 63990 78386 48725 30423 80284 
9631 15
82475 52515 80957 97215 44312 59079 77845 16931 21990 12160 63657 77546 83914 42284 9033 
7416 20
22780 7481 88622 651 60220 49827 69510 8933 65077 39798 30947 64444 54922 29535 98283 26074 15806 35747 98612 89393 
8243 10
78655 19476 63983 61019 81504 40459 57482 93152 638 3259 
4182 17
46555 44200 63342 63608 61641 56877 90084 88997 76386 80157 24070 94344 46492 31534 85814 75049 19666 
8534 13
84520 33987 77373 74239 17498 86509 84302 37898 93623 88065 57696 80071 29668 
1751 20
13126 1225 59370 3221 25177 23485 5504 38477 18610 77078 98930 54011 51072 530 75106 76085 45212 82455 85976 10173 
8442 16
81760 60925 94525 57194 4402 27227 6592 85364 56021 3051 33149 24532 94676 44710 21380 84745 
9360 20
79495 82589 50690 73221 56144 87026 61639 8808 10309 53414 30705 24559 90434 65510 21817 24107 34983 78325 80313 5046 
7472 18
75927 93279 44856 24808 42342 20503 74803 27867 78205 12214 69312 6989 67165 33408 84968 31935 37275 83088 
1292 16
5504 54836 33342 87426 29470 54443 87445 56562 23058 84263 22361 96964 54394 23069 25891 62702 
3306 17
46355 59778 49472 78551 16998 51387 91251 37210 37296 74779 33651 79610 41945 89523 62590 83493 78504 
822 13
70989 77822 922 9044 80095 22919 8699 44944 36123 83102 77812 99608 13934 
2584 16
64662 25590 26763 32934 16831 98378 92996 26296 87498 12255 21542 66643 96394 18825 58261 65610 
3355 14
28985 39247 3972 67063 74434 5956 16639 85455 28338 82099 17052 2186 66233 53909 
6219 20
14586 35430 67009 91854 79843 95567 22313 93785 33899 71785 97494 47762 60243 34281 43379 63692 87990 22345 8084 62356 
169 16
89528 6516 24116 64322 98095 79875 80122 16510 69006 34351 82712 41858 83015 25353 11989 88125 
4178 20
42297 35827 30797 4458 25652 75232 34756 28486 27491 66613 91807 25170 74890 49630 47125 32197 92119 33825 66912 69147 
7468 12
26244 6968 37412 71658 67830 44624 96293 82111 85876 68262 13598 33073 
9882 11
67493 34929 95506 88230 21506 58916 11092 58055 87633 92736 407 
9822 16
15665 73474 6489 80800 78886 6557 64185 99677 46839 33601 63649 23017 17524 49397 77581 99995 
3204 18
31727 19656 73931 24222 72901 89802 18318 90596 50962 38322 1557 5345 77101 26784 50599 51307 27379 80223 
1685 19
50975 71000 47689 80237 24423 52819 3951 54301 14084 70367 75488 54390 4715 74642 15324 95819 88734 22078 96298 
6586 18
90896 73428 42600 37323 87131 60687 5579 41139 35966 96436 22929 60901 28119 64014 47698 86445 42086 51950 
3588 20
21233 31582 5313 82184 35358 92980 41284 60825 81107 81636 8582 80458 33852 79832 58438 8768 12631 91430 32088 95520 
1630 10
4576 36035 85785 30501 20363 44063 74771 84827 14764 82512 
6475 20
11961 53368 651 76975 73577 37398 10604 74108 12560 11868 22107 14540 99870 5887 66303 65414 76173 58887 23436 82125 
1044 14
60633 72992 46398 94797 47616 60159 14907 46663 35191 51997 2081 36160 32697 60239 
1216 19
78316 2649 58335 18980 44309 36268 43911 68040 3448 99548 73950 69919 59090 51366 69128 66396 64317 92671 7427 
990 19
19918 10389 17460 97957 60524 46974 40630 58740 74585 97181 56924 39279 60507 98623 7976 38133 70926 51321 59313 
3994 16
89216 43095 34932 98755 91208 32726 82658 61624 93730 55415 50405 90886 33450 12687 62438 62151 
3060 18
58264 20215 88838 75078 12586 4541 43875 1838 72650 58637 23750 85812 6519 88363 71994 89183 21487 27361 
89 20
72941 18455 39105 98228 5836 19047 19252 72340 82939 93351 88628 43448 28626 70486 44708 75415 66447 74429 32438 29904 
3056 15
7865 40626 51160 70273 62464 53483 69500 8462 28158 97156 39409 94884 33655 82117 74359 
7314 17
29322 71459 96755 15223 34558 53518 86807 72719 87898 14664 23455 63818 65619 74635 70000 74206 51166 
