29
953 190
17950 48849 38151 21663 41533 97808 28966 86246 96114 40415 11556 91577 55571 84404 80656 31453 15592 63855 24500 8016 43146 92368 58647 15912 38553 56739 27540 42369 7592 52672 31563 33325 36325 68494 89107 65456 79028 37002 10765 34329 21373 7455 4414 15795 97533 62238 55730 25412 49598 49824 12883 74730 11552 9701 28766 86468 52847 46430 35443 73196 51741 46308 81446 28910 54400 75881 45525 79331 98369 48686 30641 82034 55487 73968 17786 48961 93795 12176 2443 39262 46865 21172 65623 52828 65394 32120 55601 21050 47935 52901 66052 22368 13527 19809 27523 17603 79431 25435 94687 82681 62298 93978 35067 26265 62663 28896 79738 38055 98061 34620 35645 87133 24742 58352 51818 43164 21046 22349 58327 98794 88708 4486 23689 49634 29626 47495 94144 76029 48804 49933 86467 95612 22303 97863 57388 99485 52783 25917 73488 28466 5154 65213 55507 95522 60245 77477 72455 82146 44348 11701 90332 73091 82726 79075 79732 11370 97661 9579 20544 94746 1097 99910 37554 84957 52744 54847 20969 9431 79813 34158 6815 42512 62871 30327 2317 80493 58625 67160 30728 30783 30810 65999 34655 36287 44821 19798 56402 45607 58845 79391 
253 181
5641 87919 44030 94440 54464 63991 12171 75486 80420 77992 18975 98662 45277 93698 81623 2629 79329 383 20704 94782 15417 57840 29312 73362 95453 99408 25374 63343 21866 49878 74365 75286 3585 73451 56212 37470 88662 41976 8358 27478 92363 35974 43719 17498 8081 93759 30252 94755 2530 89457 73354 70833 97305 41628 68088 67647 72133 17585 10270 84122 92200 91042 37850 29854 7653 52212 70298 37663 68880 32987 32047 60989 53517 9784 37651 65906 71201 48893 94510 62342 32792 7785 1331 73889 17761 59858 70510 65599 15953 49073 87202 12589 81221 39331 37050 7750 49757 97442 82538 98099 66993 30239 40352 14834 59217 73384 51949 36498 26908 1144 98024 92211 28513 918 52476 72404 57237 53112 67373 23938 17555 38510 85168 89125 95895 43437 63948 40696 95387 41410 74252 12444 74046 71393 18095 90983 33312 90482 91158 49457 47769 74573 3110 74866 88866 29389 15372 53377 22259 43317 20572 89235 60951 32759 22853 18721 71198 73930 81467 51233 74857 60440 6293 63479 341 3484 7679 39767 62578 97254 15605 81257 74221 95727 15430 44053 66365 30049 70557 32970 92732 
264 175
71799 49258 59584 87171 29231 54790 59904 75835 52087 89712 56609 83928 57069 10362 1603 77076 80681 67822 23390 78953 46743 32940 7350 45303 75366 24717 68410 71786 78926 85302 74946 50429 44167 98019 85234 83417 36999 17945 59190 84980 62952 62846 7550 35444 576 34544 2548 13652 33562 78242 66307 2175 39771 54013 27422 56774 7770 91075 79707 74024 44535 44178 91418 30591 21894 1212 25917 76277 40474 66357 64935 5275 13839 23872 37671 75065 78987 591 88381 81805 70460 45415 11573 61370 7200 69864 11174 55493 96414 65485 43840 5504 49272 9405 10486 3400 2236 29576 73684 34433 83651 93964 96331 4713 91134 35054 44053 75430 37429 71654 29544 77703 34139 13002 40556 15163 44754 59834 81641 59623 1007 54687 62969 74781 81286 95829 76994 77810 44826 38581 49106 72380 51221 68958 68960 5526 52273 72690 61418 57099 46139 23721 40992 60941 72370 4074 44785 37615 5549 74670 977 2400 39428 54721 98444 27803 74336 56627 6886 81487 17927 32313 3526 59990 60451 76954 23999 90823 85812 96840 55171 65574 39321 57972 19368 
8 167
19155 86973 87234 17803 11984 2742 67853 39690 75621 812 95468 45540 29957 52227 24469 93399 58188 219 12765 77062 9586 8478 79125 44122 87260 42919 31115 41496 98751 1738 5699 71821 77929 9157 7397 94807 13314 87081 16991 78372 65614 74641 46725 37568 80931 45642 98578 24654 86758 44877 25872 5027 41706 1125 19987 53789 46 68750 74059 99921 51276 92412 57884 59347 12540 84874 42769 22909 39889 52298 7310 35356 81099 39633 57061 31135 55250 49127 47436 35733 58523 8493 61916 38815 10326 29371 73755 22369 61053 65511 32020 15733 40123 29580 18408 36263 55655 73147 86396 30434 43883 33835 38958 24633 45514 40045 59644 90853 29490 57382 68759 20129 35845 8413 45306 52310 47674 7774 61218 55256 68048 33469 96479 78988 59265 20313 65890 10885 34812 80753 33881 68838 95369 91434 64457 39123 21782 88918 82879 64486 57156 55786 58019 19839 79368 63439 17569 64444 66794 60142 32821 76554 85049 46036 92677 49588 80623 82276 49999 93738 97628 94766 88237 98825 23775 58783 28937 
277 157
68988 95649 80020 2508 99642 45532 44978 58558 74144 30135 85224 77700 15278 63884 94209 11923 49330 43653 38760 60484 95156 79586 29902 74243 83383 38666 709 81270 25271 7691 68246 38889 18057 72959 38567 72357 63757 58344 34673 23938 81149 24632 26242 65836 9169 24765 31429 5720 78251 65857 64615 59959 5057 67935 60477 50182 95140 96734 95816 84588 95264 50168 48200 79283 99829 99798 61366 7215 21394 40831 86561 72846 6074 72232 39867 6427 36807 68273 84782 72408 1018 9540 32727 57888 58547 13273 61163 13105 26101 81686 72996 73449 73397 76725 77933 5151 76865 2174 84230 71514 17918 29030 89114 43396 23005 55318 2551 70408 23078 60518 4705 36100 24020 99674 49960 1544 30554 11917 58727 88618 61943 43398 37706 34677 27145 9859 36250 68928 48898 5406 27026 1799 53309 70608 54570 2412 51025 73788 95438 56397 59492 18028 20906 75624 67246 64839 95049 88006 59064 50737 67643 95301 71272 2484 3052 98301 72547 
131 151
19447 37031 77594 89088 17778 36057 92466 69572 94155 91655 46948 28653 32859 60008 41915 95395 30852 90537 3413 79293 63658 46012 98894 75066 62662 65818 30233 58558 83534 25054 53347 37557 51386 28145 42016 60105 60139 35333 58727 56680 19121 73773 48629 27263 2714 6574 94463 40053 84511 45565 74372 15048 40695 20366 73565 89680 92745 53530 96913 53348 98157 135 48148 91422 23847 2736 59674 34536 57873 66445 30540 15794 90574 43701 18093 40494 17707 35776 36702 41540 12261 48097 45806 41969 53872 92449 30322 13322 73540 18402 48366 89808 1144 93606 93431 41945 50495 76206 2405 64891 18709 12909 68002 4735 98923 97645 74486 5310 23394 80035 21311 95025 11864 94040 52167 39558 70805 78647 12999 28041 5177 56991 43842 65592 3181 9260 96035 54025 33030 66458 65665 50067 99409 4352 66009 56499 82887 34928 16338 21032 24774 10914 92064 37212 53597 56782 58707 24971 31271 59613 34557 
467 145
85792 72571 71144 79253 5427 7210 94634 59449 47782 22951 7491 17497 32195 31075 41465 44355 79280 75606 40395 7837 79445 88707 13115 82858 42610 2404 28474 59637 65465 39878 36479 75564 70145 23684 37072 53785 43308 38144 25367 76468 40513 90303 66905 27496 82608 24928 38431 16960 15156 95910 47253 71343 31089 72 86956 14839 15603 70027 9456 78014 93399 71462 12068 6651 1875 98101 9441 18170 80016 64680 58661 10105 18059 34064 56258 7561 53481 52510 76663 27716 69588 25202 43493 71302 56311 58233 76749 1068 58052 88241 8742 61995 21201 56461 60158 73413 93549 73120 57010 55670 79694 3032 2047 64892 18741 11082 11108 53197 54064 25034 32792 93110 81784 61962 42051 96897 64590 81367 63653 78889 43885 77547 60021 36927 75352 48739 70929 13888 13459 67799 72083 55206 5660 64725 21755 2320 64350 31751 53621 75455 56654 80339 6982 2249 69960 
205 142
25259 92253 61452 16433 60965 18236 4108 48901 40015 97307 48515 65534 71154 27150 84418 94170 37324 1613 47705 56299 53966 68153 53780 99165 98628 78506 24702 12782 79936 26555 64752 97021 7230 65746 616 43743 68227 97632 35070 89563 35210 5667 50073 12171 82795 41410 80071 9143 16120 10813 95040 41081 99837 58397 66432 34551 60548 74343 45596 30930 19607 80457 96247 46171 41072 13771 81081 87399 58845 97447 12586 18518 22599 78776 88713 82718 19820 49435 17244 69106 27906 20870 88711 60157 85586 96429 11967 19176 40859 80454 54833 71913 39852 16846 35224 80442 92943 63309 6288 47851 89646 32531 55903 92298 21162 59122 94273 90522 97303 85297 17271 91387 4733 3035 80165 55747 86394 94424 38525 57005 68549 26545 96532 36768 25301 96374 50163 42676 4174 36975 13475 70496 80587 35589 46904 78478 81860 88428 11651 3137 93460 94763 
888 136
70062 40926 23907 5911 27888 85852 12474 4468 43937 1973 96408 62991 74894 92718 77626 79578 1711 57703 85902 19157 89225 84910 24547 21841 78987 89637 48599 15842 61229 97787 11526 96354 58572 57193 93204 37717 93671 35722 86588 6670 53495 57639 18031 48992 57436 18448 96746 66152 70746 70106 46941 19344 40223 66378 27480 35021 15964 64958 44895 25535 65298 68737 19507 88028 30936 17007 8295 1844 88581 25619 6538 17009 95132 55948 24742 43931 87386 42531 4995 50248 48526 26243 16865 27794 50867 76392 41303 71712 19895 86668 60929 26341 50650 24497 87972 3264 41895 58527 42836 14356 5854 51756 88033 27787 15841 81781 8062 31643 16586 47163 36627 21261 55545 42021 22163 65973 66607 59361 43234 99014 77441 4271 2198 40660 97777 92012 11287 11929 66471 96595 7932 6292 30832 66092 31950 93594 
583 133
86675 44954 51350 8747 18858 68911 58785 7937 92484 89036 34778 46216 95128 24755 20594 12163 83593 31297 84058 9112 66655 90125 8647 90931 55119 53170 60552 31789 26102 57695 57635 48958 66048 83934 24264 97470 23703 70749 46834 43269 86824 78439 18126 74999 99651 83567 45263 81 45532 66713 14133 18940 17045 5037 40764 26929 78330 91399 19484 62555 42282 64913 50174 1973 6345 28844 62216 2388 19259 65666 39894 79927 40952 51635 46355 45926 32221 82420 72756 18103 42824 33360 55334 59289 39163 1103 79026 9968 62653 86218 41540 54590 89832 95436 71219 84179 50828 30814 34168 29890 67407 87665 70074 70042 71885 2177 60602 62418 89753 24550 15210 95562 31688 13171 94109 10282 37765 82208 86316 36484 97297 86952 83938 78211 11068 82713 52237 19785 71178 12680 69642 56478 43688 
955 127
6406 20387 4632 42777 21654 92813 82271 29405 81790 68039 96705 40993 84407 8072 69462 93928 19801 47336 69945 58637 18199 23326 97836 11319 44412 53764 86338 50042 6131 33032 29846 84114 44758 76912 41897 68535 6200 7997 75614 38273 5558 80388 88062 8133 76435 54934 42116 97944 16842 26820 81127 41850 7855 95675 92126 88392 51582 74194 23481 56133 48674 53080 20276 69297 92141 91401 51209 26265 1421 20466 7603 54329 1286 74028 58254 65061 17855 94805 60954 45343 81168 29866 39481 12469 8247 53423 53532 50808 31982 20358 44802 36688 27225 46668 37752 19440 15406 45471 65764 82319 71200 93778 93384 47341 84261 5932 60450 16992 74989 65408 39713 14738 51740 38549 62088 14170 49607 3063 25633 58575 86386 60800 60830 1511 51973 29027 58160 
555 125
84020 43028 52563 80751 55925 17219 18832 16536 70238 95571 92273 73663 96784 52839 88143 88675 35176 28029 70664 8281 69265 11687 39415 93260 84757 65830 92859 51622 18934 43572 52876 96552 18768 69977 87983 12566 34101 91608 68393 74956 47189 50127 45902 76776 57820 72685 34657 7674 15542 25987 74988 32185 95086 23749 46339 42819 10841 49769 38686 26044 34734 72605 73854 9842 44256 9012 48051 72412 83237 9642 42857 86759 81559 91229 52352 11580 522 21098 87702 73936 63681 39003 78387 93481 94266 63371 83687 5228 89813 31547 64681 34479 6623 78191 80638 61901 72433 71806 13353 67055 4723 87948 28567 51500 6540 78357 61845 70852 82366 20951 64736 27963 81528 44819 88504 28847 37182 85623 71346 59910 4381 96935 74888 27485 11101 
3 119
36011 40647 90117 69520 34165 6772 53009 50337 2631 69625 89934 48886 15678 92624 6161 25382 50847 40276 56487 1469 69130 81346 91160 15783 33607 33785 59104 27695 3182 24514 45810 25132 17775 24795 83891 77728 18 55097 38209 94417 38970 32986 89963 13101 86163 79849 89469 76760 39245 24539 64046 87029 12237 71907 14888 95504 22926 74975 52317 67221 43199 60722 52054 54311 14165 48764 58353 61120 6781 3541 72316 68142 98774 65786 39655 48486 52804 95331 62652 50260 62548 69387 24970 56694 6943 80494 37342 56357 48578 44771 88343 20397 89820 4041 51012 56508 1956 80199 59735 46212 46937 52823 70134 28201 54605 68503 68564 93333 75157 10759 61158 16250 51085 28522 36317 57988 43243 85692 80698 
956 112
43562 51544 61526 3322 19188 65026 25764 55009 17253 69847 80009 16010 98214 79541 62442 50574 24324 90194 68993 34984 19858 62454 69220 62225 52065 24757 85845 97096 63834 41748 30804 76825 24021 57959 48933 34261 65215 13263 86460 76272 95810 73872 13063 12391 40028 30985 49573 65942 65549 4832 79458 8225 84582 90371 11659 74570 5581 6162 12490 64524 63629 88751 45057 81455 42986 74702 15544 69065 26710 45571 85903 87226 45897 26918 91402 7646 27408 65331 82851 54140 14786 57402 29672 7696 6880 90569 70843 45860 72194 30170 15854 53500 90356 84462 53710 21394 9626 418 92442 36820 90344 19157 99633 98777 33261 62201 86139 36702 5091 57426 14252 17277 
594 111
97418 38916 54035 18529 46189 39343 86360 98043 65971 59347 5198 3548 92493 3971 82439 41467 14490 90045 46389 41276 3303 78466 82351 74748 23921 61885 232 98273 86895 68994 90517 11083 92411 30108 67787 57536 58337 61221 25356 24927 25217 42022 54550 66465 74045 41263 73470 67005 59042 1116 37303 34395 60297 86897 91034 79281 56838 22898 74330 36679 88434 89457 35286 90000 93701 60188 60780 8589 99165 31860 94243 59916 61977 66330 93912 9930 59835 80214 57473 65385 21832 84312 46160 55681 93340 98484 98627 79084 22653 36708 58679 77811 99743 47239 13204 70577 67110 11999 98174 16604 68628 33281 21493 44439 7753 14014 1667 98941 55053 47755 98774 
209 110
55803 27750 72439 96383 72707 23623 71191 79808 36022 31727 84087 48437 16032 53652 40187 99970 46819 39800 43434 44475 97513 29207 65391 50938 16487 77577 69999 59697 10838 93127 95939 49910 76166 10754 1943 84070 65089 4391 20149 23965 78147 20832 73918 71109 35806 62554 39003 93996 72713 94593 33949 46233 17155 89401 1424 80254 74594 35541 64951 97036 39854 95237 99111 86628 47062 65623 12914 36925 1202 87473 36301 40136 23596 61111 22692 77791 9156 77169 64975 56903 83734 4541 41886 24789 17408 53786 81161 73073 10206 66984 93257 18488 96811 42408 60784 34092 89210 45016 45077 34543 92846 48884 13725 34392 9751 87575 50458 7014 97973 7405 
938 104
4966 89346 79339 30425 86682 7656 97735 34393 17529 68645 172 12102 59483 78575 58798 33017 92406 64933 66794 68544 94668 94449 6648 97593 2708 90345 3774 56421 43875 62316 83372 92162 34218 91187 94787 12949 69357 48771 27515 25685 73321 58251 71419 54648 87489 66612 638 68783 33957 78620 30122 71209 96102 46409 413 11361 64446 52227 7083 88812 42995 55398 3720 81660 11766 84631 37467 52141 72650 18963 83257 42571 8014 3067 6910 30367 11197 95659 8909 38562 94321 95182 21631 98984 70479 53701 70540 55090 76731 79875 68889 27658 71651 88093 41227 60873 6515 33857 39839 29762 23130 59248 75630 36940 
73 96
5265 83902 1661 10326 35898 33826 72357 45343 39692 92807 45124 97982 86392 38047 6634 4200 64206 29330 34949 95747 85631 87567 95943 6959 89538 31306 55308 79682 38240 19260 7079 23619 16066 52340 99727 32407 58154 40854 93389 29658 28168 69242 18539 80657 37783 79920 85745 79898 31939 43136 94631 36457 74230 86845 30970 11067 42306 35084 92960 69372 78097 22443 62703 42746 88360 82586 1576 86317 75694 87287 323 95607 87207 94407 52403 22861 82133 89716 44725 2472 62444 97851 38314 4069 40567 54010 70513 85670 79292 30134 96483 32505 74474 31408 23246 23521 
373 93
9725 13426 95626 3160 60854 83605 42149 72493 22989 68657 69747 60674 85105 38802 31027 24805 33190 50235 38942 68307 62799 46325 46775 7291 37114 63526 37024 58508 66332 27543 35653 90763 96858 29484 65110 83021 91760 48490 36895 32120 85449 28952 31031 90967 65944 53060 73963 68406 69810 96854 24525 34474 38169 95479 23032 23226 58607 64862 74329 56234 60926 32942 23127 27391 50877 14317 42793 76076 66240 81140 62657 71391 96136 20357 4445 77836 62059 3770 28293 89217 91496 64776 25938 99963 89909 24406 21745 79203 79330 61948 93068 92828 64309 
449 85
6829 30338 75709 87934 9689 27879 36318 48275 12485 50029 37539 64530 56731 57901 20275 50748 23022 4740 35187 74738 22968 49489 46798 55057 8251 19926 12700 50940 61429 80251 83981 80821 30297 43347 25970 59686 91002 82618 81294 99041 6514 42470 92018 2304 91183 78138 46811 99069 93960 47046 25614 83886 31967 48690 42363 63613 83977 65603 28657 97338 20628 72652 10597 27465 61280 50228 24443 82677 28253 16573 14221 75235 98399 98561 73863 70843 25486 60372 49704 57176 87272 87835 46255 17349 44393 
77 79
32533 50531 50028 64794 43052 83630 30362 22988 75130 7593 94486 35182 63327 52125 7683 94369 86278 37147 15937 67780 96263 7347 32282 31567 37637 33250 1069 7751 97301 79390 81971 99556 29326 34372 46588 6634 56478 95429 49774 13977 36577 10540 65403 27261 11206 24420 5321 5973 93387 12665 53257 77692 45552 83431 37059 59477 72713 38174 73726 47529 50932 70786 33252 27954 7444 2352 63456 94456 60095 22505 60242 32378 67455 92931 30797 71433 43609 17160 60991 
745 70
80845 46122 23 35388 12376 57968 55384 84360 4058 18946 79766 65803 10519 24411 18045 28721 40351 3589 30739 23107 82832 14883 39089 23289 31662 42307 95993 17621 94619 89923 22119 67077 39650 61965 18380 2865 20533 79989 41364 93668 12291 37396 82312 14175 88292 36383 86015 99788 85580 77900 33 97912 35231 46967 89857 27333 87613 56101 48389 83817 81477 13681 22248 358 9746 75746 72963 74057 61424 42115 
499 64
7828 87299 40454 33727 64357 44480 35427 65518 50683 64140 4864 20418 32883 35977 53486 82960 77158 92338 74972 65826 31803 44609 34834 33131 38013 34037 48656 48003 25026 3 44245 51079 27990 41357 50336 73157 25172 64025 34606 57317 62424 2574 30675 57060 50300 97228 37399 64877 57873 73042 6083 67021 26695 23412 20181 56141 23399 46322 70811 63543 35331 57763 25711 99815 
719 54
45640 11675 96091 43944 22955 19567 43782 27246 21259 36276 26230 86715 34690 39968 95008 66296 71186 86970 60207 91193 72489 66640 2938 80570 87007 87244 97767 38912 76886 85553 45731 95648 42592 64647 67903 72997 86704 19425 80885 82040 90233 64031 5937 50191 78529 93587 10487 52289 62142 82424 56799 37807 48655 75520 
458 44
19987 83171 17137 69896 21063 87572 62959 21572 89232 39137 89720 69979 19518 20579 65648 17406 39667 60230 24456 11744 87822 77849 48718 73673 51381 81300 85071 4651 22594 9526 42130 66390 49950 8253 93192 8791 92779 32361 65338 80421 51632 29600 1620 22081 
627 37
36093 62988 56085 81244 88094 69270 62651 35762 93554 94183 24211 85164 79023 27218 47669 44452 32249 88315 98171 74154 96446 38427 67739 58640 59684 83955 27599 65558 91737 3740 75091 38853 92111 47823 48010 46228 70703 
414 27
69848 95301 34030 4643 11383 32170 98788 35868 96010 7046 51584 81004 1746 83279 26207 82121 43695 86175 49291 21658 37056 81561 36686 47320 79887 94203 97219 
57 20
23690 66789 2223 38373 6530 2915 89536 65814 50245 58258 4114 4666 4620 60504 33924 68342 34845 59216 6673 52327 
418 10
15906 65882 5211 18936 42840 37305 52816 24676 10186 95992 
